9 9 35 81 82 83 84 86 95 96 98
12 2 43 74
13 3 41 73 95
15 4 21 33 42 61
16 4 17 20 47 96
17 2 16 47
18 1 48
19 4 34 48 77 96
20 12 16 21 22 23 47 62 63 64 71 72 78 96
21 14 15 20 23 42 46 61 62 63 64 71 72 78 83 97
22 8 20 32 44 62 71 72 96 97
23 8 20 21 46 61 62 71 72 97
24 2 25 96
25 4 24 26 96 97
26 3 25 61 97
31 4 32 83 95 96
32 8 22 31 82 83 84 85 95 96
33 5 15 42 44 95 97
34 7 19 48 82 83 85 95 96
35 3 9 96 98
41 2 13 95
42 5 15 21 33 96 97
43 1 12
44 7 22 33 81 83 84 95 96
46 6 21 23 61 71 72 97
47 3 16 17 20
48 4 18 19 34 96
61 6 15 21 23 26 46 97
62 8 20 21 22 23 63 64 72 78
63 6 20 21 62 64 72 78
64 5 20 21 62 63 78
71 9 20 21 22 23 46 72 73 74 75
72 9 20 21 22 23 46 62 63 71 78
73 2 13 71
74 2 12 71
75 1 71
77 1 19
78 6 20 21 62 63 64 72
81 4 9 44 83 84
82 6 9 32 34 83 85 96
83 12 9 21 31 32 34 44 81 82 84 85 86 95
84 6 9 32 44 81 83 96
85 5 32 34 82 83 96
86 3 9 83 98
95 9 9 13 31 32 33 34 41 44 83
96 18 9 16 19 20 22 24 25 31 32 34 35 42 44 48 82 84 85 97
97 10 21 22 23 25 26 33 42 46 61 96
98 3 9 35 86
